framewise_displacement	trans_x	trans_y	trans_z	rot_x	rot_y	rot_z	eddy_stdevs	original_file	grad_x	grad_y	grad_z	bval	image_mean	series_b0_mean	series_b0_correction	DWIDenoise_pre	DWIDenoise_post	DWIDenoise_change	Gibbs_pre	Gibbs_post	Gibbs_change
n/a	0.0	0.0	0.0	0.0	-0.0	0.0	0.0	sub-21224_ses-1_run-01_dwi.nii.gz	0.0	0.0	0.0	0.0	159.01525832616872	157.82240282943485	1.0	159.34459750566893	159.3697279018236	0.0386855941803061	159.3697279018236	159.01525832616872	0.0540796490120187
0.2883060763315	0.0194981923	0.117199065	0.0660175994	-0.0003480554442	3.733172343e-05	0.001326437225	0.0	sub-21224_ses-1_run-01_dwi.nii.gz	0.0	0.0	0.0	0.0	159.6827963241943	157.82240282943485	1.0	160.0092296548249	160.03985426175836	0.0386471224169481	160.03985426175836	159.6827963241943	0.0543561666205185
0.8459816619934999	0.06274176938	0.5733219634	-0.1782275865	-0.001066110097	0.0003513651609	0.002341749147	-18.296278915	sub-21224_ses-1_run-01_dwi.nii.gz	-0.356292	-0.656084	0.665289	3000.0	32.66445567607408	157.82240282943485	1.0	32.650684051398336	32.68489335866592	0.1825183286314511	32.68489335866592	32.66445567607408	0.0640729410111623
1.200733252946	-0.05600012704	0.2064343119	0.006381157956	-0.006710508373	-0.002101032296	-0.0001713543315	-27.843636499999995	sub-21224_ses-1_run-01_dwi.nii.gz	-0.934533	-0.272069	0.229405	3000.0	32.52724960582801	157.82240282943485	1.0	32.52190539178635	32.54374246145538	0.1836294689232934	32.54374246145538	32.52724960582801	0.0632905999790371
0.810272609384	0.02261926999	-0.2334561031	0.09957688749	-0.00697098067	0.001030064421	0.0004084180109	-13.56097837	sub-21224_ses-1_run-01_dwi.nii.gz	-0.186973	0.956629	-0.223389	2000.0	43.104667918313176	157.82240282943485	1.0	43.12147203325775	43.15311237776677	0.1407864125921695	43.15311237776677	43.104667918313176	0.059787077864032
0.5797581430400001	0.06859392074	-0.0105395873	0.08235931808999998	-0.003680725815	0.0005976294633	0.00255871634	-38.97350758	sub-21224_ses-1_run-01_dwi.nii.gz	-0.110576	0.119186	0.986695	3000.0	32.591962856041214	157.82240282943485	1.0	32.58371126228269	32.61188789576173	0.1825177272527148	32.61188789576173	32.591962856041214	0.062426921657836
1.807537478591	0.009386710342	1.270870498	0.1693471286	-0.007238978985999999	-9.617314936e-05	-0.0007878753239999998	-14.9903075	sub-21224_ses-1_run-01_dwi.nii.gz	-0.186659	0.956381	-0.224708	1000.0	67.76042494191296	157.82240282943485	1.0	67.84937515747039	67.87498542808785	0.0912877664642921	67.87498542808785	67.76042494191296	0.0527165833907816
2.1974125219040004	-0.05594997	-0.4794683815	0.0606330913	-0.002964911051	-0.0006554279244	-0.0001607395388	-19.89516803	sub-21224_ses-1_run-01_dwi.nii.gz	-0.867454	0.327194	0.374791	3000.0	32.581984688402784	157.82240282943485	1.0	32.58404761904762	32.603794003599155	0.1826429877950628	32.603794003599155	32.581984688402784	0.0634425464788931
1.7147817350099999	0.05582679843	0.9543317865	0.1466253536	-0.003657039255	3.33802891e-05	-0.0004440538469	-37.340521100000004	sub-21224_ses-1_run-01_dwi.nii.gz	-0.108113	-0.393868	-0.912787	3000.0	32.52129432358355	157.82240282943485	1.0	32.515648148148145	32.54275476292485	0.1827675781748326	32.54275476292485	32.52129432358355	0.0636182135431652
0.8161935160869999	-0.0155971108	0.4139427844	0.1859238901	-0.002066619927	9.648925334e-05	0.001204059226	2.209950300000003	sub-21224_ses-1_run-01_dwi.nii.gz	-0.586701	-0.190927	0.786975	2000.0	43.48252707530922	157.82240282943485	1.0	43.5034586797682	43.5305756382494	0.1394858638025961	43.5305756382494	43.48252707530922	0.056978759978494
0.33559286003800004	-0.03998993094	0.4141814867	0.2768425969	-0.005078981165	0.001182689564	0.0009017681587	-27.72043679	sub-21224_ses-1_run-01_dwi.nii.gz	-0.348999	0.9057	-0.24064	3000.0	32.44913364166719	157.82240282943485	1.0	32.44206853111615	32.47006573393938	0.183188617471207	32.47006573393938	32.44913364166719	0.0652404908921833
1.120671936795	-0.03232723779	-0.277305303	0.1952326017	-0.001136401086	0.0004223494034	0.002997097094	36.480525400000005	sub-21224_ses-1_run-01_dwi.nii.gz	-0.587299	-0.191395	0.786415	1000.0	68.05936423480145	157.82240282943485	1.0	68.14336923658352	68.17263189063245	0.0911716885336543	68.17263189063245	68.05936423480145	0.0511110857649891
1.52423656172	-0.06245045191	0.8469547626	0.1629187176	-0.006742060184	0.0003059163864	0.001968401251	-27.512833900000004	sub-21224_ses-1_run-01_dwi.nii.gz	-0.469917	0.565369	-0.677891	3000.0	32.45435998946679	157.82240282943485	1.0	32.44819160997732	32.472609343880926	0.183232980638638	32.472609343880926	32.45435998946679	0.0641342359514238
0.8254840550150001	0.06440655508	0.3979468599	0.05937592902	-0.004394808318	0.0003448412463	0.001433050842	-15.244261299999998	sub-21224_ses-1_run-01_dwi.nii.gz	0.664267	-0.557727	-0.497684	3000.0	32.250273104769704	157.82240282943485	1.0	32.24166225749559	32.26956248697832	0.1848140633074915	32.26956248697832	32.250273104769704	0.0653328743230119
0.3666120364	-0.01417010016	0.4963128832	0.1810674737	-0.004546873737	0.0001095317275	0.0004608695162	-27.978093899999998	sub-21224_ses-1_run-01_dwi.nii.gz	-0.0633771	-0.00693944	-0.997966	500.0	93.60216408257006	157.82240282943485	1.0	93.73740551776268	93.7692265442908	0.0674925293900718	93.7692265442908	93.60216408257006	0.0475387619084062
0.574216135735	0.08612713761	0.8685621166	0.1872763066	-0.005848676432	0.0002406494896	0.0009371656924	-36.14413433	sub-21224_ses-1_run-01_dwi.nii.gz	0.611259	0.648124	-0.454201	3000.0	32.55707811625263	157.82240282943485	1.0	32.55113126732174	32.5776430311024	0.1836807643956003	32.5776430311024	32.55707811625263	0.0640349459424487
0.945601429935	0.03849197469	0.17025639	0.1482204415	-0.003594340524	0.0005642428878	0.0003030014923	59.48497191	sub-21224_ses-1_run-01_dwi.nii.gz	0.843338	-0.325155	-0.42785	2000.0	43.01116640696251	157.82240282943485	1.0	43.03232678256488	43.055752870240994	0.1403276055201703	43.055752870240994	43.01116640696251	0.0577513072305949
1.098307818995	-0.02958003668	0.9233128463	0.2991963959	-0.003854553215	-0.0008673822739999999	0.001135231578	-11.0122438	sub-21224_ses-1_run-01_dwi.nii.gz	-0.499032	0.436074	0.74887	3000.0	32.517678003432856	157.82240282943485	1.0	32.51246031746032	32.53897717599853	0.1842080338895358	32.53897717599853	32.517678003432856	0.0637772611266099
0.62283443319	0.0820048144	0.7296562199999999	0.1497755472	-0.004019854125	0.0002945940942	0.003171396442	-49.00133185	sub-21224_ses-1_run-01_dwi.nii.gz	0.972051	-0.0601102	-0.226943	3000.0	32.669695456746574	157.82240282943485	1.0	32.661934366339125	32.68623288856816	0.1821973288292151	32.68623288856816	32.669695456746574	0.0632774437036586
0.728639663255	-0.1370782907	0.5543346597	0.1704262248	-0.001371866325	-0.001011135289	0.0008534272201	-1.3421116140000002	sub-21224_ses-1_run-01_dwi.nii.gz	-0.846023	0.326659	0.421354	1000.0	68.29783989983127	157.82240282943485	1.0	68.37848324514991	68.40736039185005	0.0907921257067681	68.40736039185005	68.29783989983127	0.0502714171230253
0.48232928905	-0.1040125137	0.7256050297999999	0.2092731628	-0.005251695402	-0.0006629342679	0.001408321201	-51.99573708	sub-21224_ses-1_run-01_dwi.nii.gz	-0.61815	0.289621	-0.73076	3000.0	32.82828782772515	157.82240282943485	1.0	32.821214411690605	32.84658769866644	0.1808423408651251	32.84658769866644	32.82828782772515	0.0625654913526747
1.7069124670049995	0.01251248536	-0.2982275644	0.09271905258	0.001332065091	0.0008079492836	0.002353692427	-34.2970958	sub-21224_ses-1_run-01_dwi.nii.gz	0.655443	-0.637804	0.404476	500.0	94.16148747038086	157.82240282943485	1.0	94.30723230032754	94.33763168835812	0.0670896434247479	94.33763168835812	94.16148747038086	0.047474290059328
1.792950700005	-0.01118047857	0.9520256644	0.2570992938	-0.003843962215	0.0003974275896	0.0008477561059	-51.303557	sub-21224_ses-1_run-01_dwi.nii.gz	0.549877	0.00860029	0.835201	3000.0	32.757320947364185	157.82240282943485	1.0	32.7526776266062	32.7788536553187	0.1818862275916068	32.7788536553187	32.757320947364185	0.0619958045910719
1.04839730476	0.04556537963	0.1117539659	0.3034156502	-0.004437847063	-0.0003993131395	0.001558398362	-13.594038000000001	sub-21224_ses-1_run-01_dwi.nii.gz	0.636575	0.098632	-0.764882	3000.0	32.72212563980221	157.82240282943485	1.0	32.72386243386244	32.74230357357375	0.1820862528740586	32.74230357357375	32.72212563980221	0.0625338737369678
0.49845848189	-0.1115935472	0.1695443491	0.3046991879	-0.0003204712993	-0.001620340161	0.00186450826	-6.2638436	sub-21224_ses-1_run-01_dwi.nii.gz	-0.676741	0.0228851	-0.735866	2000.0	43.5388459857118	157.82240282943485	1.0	43.55707923910305	43.58349576275084	0.1385017254533383	43.58349576275084	43.5388459857118	0.0570824573457008
0.7492950671349998	-0.1024441664	0.7211134046999998	0.2458087396	-0.001956585096	-0.002013468416	0.002428989857	-48.44813154	sub-21224_ses-1_run-01_dwi.nii.gz	-0.91632	-0.162728	-0.365892	3000.0	32.62655001497916	157.82240282943485	1.0	32.618410808767955	32.64331445725531	0.1817569092506446	32.64331445725531	32.62655001497916	0.063404638985041
0.40710275526	-0.03782405187	0.6720716721	0.3183508121	-0.004326002672	-0.0005335074384	0.001860391698	-3.1243576999999996	sub-21224_ses-1_run-01_dwi.nii.gz	0.680799	-0.0229373	0.732111	1000.0	68.62213768808392	157.82240282943485	1.0	68.70941924918115	68.7386459543402	0.0903626122568268	68.7386459543402	68.62213768808392	0.050435888337352
0.4805502482599999	-0.1051173434	0.440178207	0.2766678543	-0.00342159695	-0.001906081568	0.002377022523	-35.19282735	sub-21224_ses-1_run-01_dwi.nii.gz	-0.82054	0.0947746	-0.563677	3000.0	32.86378252329951	157.82240282943485	1.0	32.85460695389267	32.88313592825573	0.180981772244456	32.88313592825573	32.86378252329951	0.062776656281201
0.527627498895	0.04679098906	0.2282716579	0.2539560116	-0.002440818818	-0.0004051960423	0.002717374358	-30.7110853	sub-21224_ses-1_run-01_dwi.nii.gz	0.719814	-0.214449	-0.660212	3000.0	32.689379429766426	157.82240282943485	1.0	32.68610922146637	32.7082812805293	0.1817354519756129	32.7082812805293	32.689379429766426	0.0629481056128471
0.687080542165	-0.08338388577	0.2088557357	0.390802677	0.002154259011	-0.001721335575	0.000615730125	-12.037856730000001	sub-21224_ses-1_run-01_dwi.nii.gz	-0.25816	-0.595317	-0.760889	2000.0	43.37326196983981	157.82240282943485	1.0	43.39857016880826	43.42133546975505	0.1386703875313268	43.42133546975505	43.37326196983981	0.0589659834297568
0.4829673560800001	-0.02035498555	0.2578708968	0.5136796884	-0.002102539642	-0.001185317757	0.0007838393212	27.947830600000007	sub-21224_ses-1_run-01_dwi.nii.gz	0.0398849	0.740247	-0.671151	3000.0	32.60580684596617	157.82240282943485	1.0	32.59426177878559	32.624800738623804	0.1829299468832061	32.624800738623804	32.60580684596617	0.0646995592068821
0.78482919259	-0.09695520585	0.3989520517	0.5903690536	0.00462603569	-0.001196259283	0.003853491507	15.870631500000002	sub-21224_ses-1_run-01_dwi.nii.gz	-0.257522	-0.594821	-0.761492	1000.0	67.71075426893857	157.82240282943485	1.0	67.79059460821365	67.81469821032474	0.0909972698477966	67.81469821032474	67.71075426893857	0.0520555900177205
1.081850303185	-0.07024715492	0.9456294421000001	0.7745202644	0.003158344189	-0.001975067193	-0.0003862821031	38.96705376	sub-21224_ses-1_run-01_dwi.nii.gz	0.20063	0.848993	0.488834	3000.0	32.68914784437214	157.82240282943485	1.0	32.684215797430085	32.70999037464689	0.1829778533898159	32.70999037464689	32.68914784437214	0.0658893873277092
0.721140706965	-0.09841871148	0.5657320545	0.7552937367	0.001203221851	-0.002133151749	0.003377415705	-12.687306399999999	sub-21224_ses-1_run-01_dwi.nii.gz	-0.304212	0.943513	0.131292	3000.0	32.72854687450884	157.82240282943485	1.0	32.730639329806	32.75253319774026	0.1815388900138305	32.75253319774026	32.72854687450884	0.0653995049937734
1.07470224782	-0.1033380966	-0.1635194669	0.6394277906	0.00483989343	-0.001797531964	0.002856399165	0.0	sub-21224_ses-1_run-01_dwi.nii.gz	0.0	0.0	0.0	0.0	156.38653735768972	157.82240282943485	1.0	156.69587805492569	156.72055735634632	0.0408361510014722	156.72055735634632	156.38653735768972	0.0539548574620706
1.5516945412749998	-0.03125656368	0.9051297405	0.5948537585	-0.001228193054	-0.0009954337729	0.002398788463	-16.656283687	sub-21224_ses-1_run-01_dwi.nii.gz	0.733934	0.215917	0.643988	3000.0	32.94601909407485	157.82240282943485	1.0	32.942109473418995	32.96628929774436	0.1805960816323438	32.96628929774436	32.94601909407485	0.062902250684984
0.9030814375799998	-0.1171687859	0.2934220841	0.598972498	-0.0006858841516	-0.002801268594	0.0007200757973	-36.3952466	sub-21224_ses-1_run-01_dwi.nii.gz	-0.343987	0.417479	0.841061	2000.0	43.469572599682834	157.82240282943485	1.0	43.49102166792643	43.519399432971255	0.1385984494932856	43.519399432971255	43.469572599682834	0.0576126459266732
0.381061625425	-0.07709661979	0.2153085149	0.5677217301	0.00131562585	-0.001238339115	0.001788138761	-25.05055	sub-21224_ses-1_run-01_dwi.nii.gz	0.224213	0.0605133	0.97266	3000.0	32.883912023751925	157.82240282943485	1.0	32.8847619047619	32.904982123000075	0.1806125097916238	32.904982123000075	32.883912023751925	0.0621278124860537
0.8316619476699998	-0.114505388	0.6479068041	0.6893985067	-0.0005470156902	-0.004026856273	0.001639735186	-6.5962381	sub-21224_ses-1_run-01_dwi.nii.gz	-0.344918	0.417672	0.840584	1000.0	68.32794649395507	157.82240282943485	1.0	68.4198261526833	68.44387054117388	0.0904080097750659	68.44387054117388	68.32794649395507	0.0512124204683293
1.4179844441129998	0.006342036878	-0.4495476872	0.7377936457999998	0.0004154139315	-0.002473085886	0.001130187418	14.437272190000002	sub-21224_ses-1_run-01_dwi.nii.gz	0.560949	0.814366	-0.148811	3000.0	32.61195277984498	157.82240282943485	1.0	32.60262597631645	32.63350519456916	0.1826570488672784	32.63350519456916	32.61195277984498	0.0646065978078786
1.284159183163	-0.07125689041	0.4112506261	0.5811246419	0.002159390831	-0.001312331995	0.002007315401	49.14495572	sub-21224_ses-1_run-01_dwi.nii.gz	0.336014	-0.266504	0.903366	3000.0	32.81756691994206	157.82240282943485	1.0	32.81254346182918	32.837485358221514	0.1813597219194169	32.837485358221514	32.81756691994206	0.0626574734424043
0.81495829341	-0.1731503827	-0.07463600791999998	0.7498716248	0.002410440473	-0.001802640618	0.00243458082	5.74572534	sub-21224_ses-1_run-01_dwi.nii.gz	-0.826224	-0.399105	-0.397579	500.0	94.88888383669952	157.82240282943485	1.0	95.03240299823634	95.05384308583383	0.0666756193565966	95.05384308583383	94.88888383669952	0.0466955870899425
0.37441111561	-0.09671036592000001	-0.04058467632	0.6085509081	0.00344235613	-0.0009694188484	0.001847737236	-13.6281443	sub-21224_ses-1_run-01_dwi.nii.gz	0.765473	-0.442623	0.467051	3000.0	32.68203668995691	157.82240282943485	1.0	32.6823223733938	32.703897237952674	0.1826205003801416	32.703897237952674	32.68203668995691	0.0636198894451947
0.32167834999	-0.1260371387	-0.1629697284	0.5501536522	0.003623222699	-0.002804812277	0.001632611849	-7.415086100000001	sub-21224_ses-1_run-01_dwi.nii.gz	-0.292952	-0.735903	0.610431	2000.0	43.47760012869138	157.82240282943485	1.0	43.50953703703704	43.52729626381736	0.1393982947286795	43.52729626381736	43.47760012869138	0.0592306723005669
0.6960852935999999	-0.2169254923	-0.3462835223	0.7970938363999999	0.001636665082	-0.001831741421	0.002171842614	84.17057870000001	sub-21224_ses-1_run-01_dwi.nii.gz	-0.807229	0.56587	-0.167844	3000.0	32.463298832390315	157.82240282943485	1.0	32.453345301083395	32.479957726985155	0.184397930014681	32.479957726985155	32.463298832390315	0.0642602092938014
0.86788258806	-0.1021485294	-0.0792406947	0.5911705555	0.003754198551	-0.0007159812958	0.004541339353	78.44464561000001	sub-21224_ses-1_run-01_dwi.nii.gz	0.58522	-0.717365	0.378029	3000.0	32.61079806755308	157.82240282943485	1.0	32.60174414210128	32.63049371920486	0.1841166347679866	32.63049371920486	32.61079806755308	0.0649197489370231
0.7886871488999998	-0.08033570303999998	0.2179017346	0.7581109259999999	0.001162930275	-0.000431741355	0.001361017115	19.17739218	sub-21224_ses-1_run-01_dwi.nii.gz	0.29108	0.732473	-0.615431	1000.0	68.24157842892696	157.82240282943485	1.0	68.32262156714538	68.35229665979233	0.0906253572956541	68.35229665979233	68.24157842892696	0.0522199792599558
0.69347828636	-0.06644311069	-0.1486984135	0.6419234153	0.003020110074	-0.0007788334042	0.003092705971	-7.2205341999999995	sub-21224_ses-1_run-01_dwi.nii.gz	0.942913	-0.331334	-0.0336685	3000.0	32.59605106355175	157.82240282943485	1.0	32.58966049382716	32.61495535496022	0.182337730708965	32.61495535496022	32.59605106355175	0.0636138037608445
1.0587790305800002	-0.06027563845	0.4257166647	0.8678151745	0.004606388975	-0.001876178081	0.005455176812	0.0	sub-21224_ses-1_run-01_dwi.nii.gz	0.0	0.0	0.0	0.0	157.8423146252328	157.82240282943485	1.0	158.17369425547997	158.19146300172793	0.0402212299113034	158.19146300172793	157.8423146252328	0.053827019079662
0.81250862923	-0.06911332153	0.7099191389	0.552859098	0.006146079861	-0.00158538355	0.00319541432	-4.542761559999999	sub-21224_ses-1_run-01_dwi.nii.gz	-0.168275	-0.466891	0.868157	3000.0	32.8213235520491	157.82240282943485	1.0	32.814076593600404	32.841258246410675	0.1815504464928987	32.841258246410675	32.8213235520491	0.0632472096771393
0.96593081442	-0.1076535178	0.2118524495	0.6700949169	0.002103978069	-0.003672842635	0.003083213	41.71833189	sub-21224_ses-1_run-01_dwi.nii.gz	-0.788464	-0.480177	-0.384388	3000.0	32.89268965194357	157.82240282943485	1.0	32.89050705467372	32.914071409455175	0.1813952794966284	32.914071409455175	32.89268965194357	0.0641903577162507
0.880555199374	-0.07990221501	-0.1624661613	0.7811527602	-0.0003883217869	5.841129678e-05	0.004208208062	1.473197770000001	sub-21224_ses-1_run-01_dwi.nii.gz	-0.361743	0.580192	-0.729739	2000.0	43.469066425213526	157.82240282943485	1.0	43.49311665406904	43.5140964050894	0.1392742622840328	43.5140964050894	43.469066425213526	0.0583695071511147
1.294356965164	-0.05496535468	0.5023827317	0.4929742076	0.004399286117	-0.001197762438	0.004492279608	81.86976196	sub-21224_ses-1_run-01_dwi.nii.gz	-0.25335	-0.961596	0.10558	3000.0	32.75021875502756	157.82240282943485	1.0	32.738713151927435	32.77196371819845	0.1822579170802191	32.77196371819845	32.75021875502756	0.0661026621229876
0.54147542013	-0.1069066404	0.5575060562	0.6826472983	0.001753015094	-0.0007132615428	0.002728297142	46.316395299999996	sub-21224_ses-1_run-01_dwi.nii.gz	-0.360683	0.579884	-0.730508	1000.0	68.39111048852496	157.82240282943485	1.0	68.47272171831696	68.4957436097353	0.090724080865362	68.4957436097353	68.39111048852496	0.0522648866017566
0.96110785164	-0.07631695392	0.1633584135	0.5992344915	0.00898328796	-0.001436545514	0.003833894618	61.9013865	sub-21224_ses-1_run-01_dwi.nii.gz	0.00397958	-0.92134	0.388737	3000.0	32.61309619897023	157.82240282943485	1.0	32.60500125976316	32.63554164861954	0.1833007467074414	32.63554164861954	32.61309619897023	0.0655503967065726
0.8076652224399998	0.04161650712	0.2853431641	0.8520057512	0.003390547819	-0.002115502488	0.003806076711	55.13605959	sub-21224_ses-1_run-01_dwi.nii.gz	0.915589	0.393574	0.0824344	3000.0	32.67608916582271	157.82240282943485	1.0	32.665198412698416	32.69513668139481	0.1836320183976099	32.69513668139481	32.67608916582271	0.0638381921056442
1.53796687512	-0.09297750615000001	-0.7065162947	0.689373213	0.005886994768	-0.002374857897	0.001584261772	63.86190695	sub-21224_ses-1_run-01_dwi.nii.gz	-0.354046	-0.928548	-0.111583	2000.0	43.601383828603886	157.82240282943485	1.0	43.630277147896194	43.65178336455883	0.1393546405838821	43.65178336455883	43.601383828603886	0.0602406602423814
1.140067033185	-0.006617301975	0.01279958176	0.7647209067	0.002420380712	-0.001331430161	0.002255085157	78.94907620000001	sub-21224_ses-1_run-01_dwi.nii.gz	0.324214	0.851286	-0.41255	3000.0	32.549981312710976	157.82240282943485	1.0	32.540176366843035	32.57003576516558	0.1842003066239093	32.57003576516558	32.549981312710976	0.0653873403129286
0.8439003829700001	-0.01851140757	0.6563823167	0.7352317816	0.00476815924	-0.0006520872703	0.002406652085	-18.851788999999997	sub-21224_ses-1_run-01_dwi.nii.gz	0.354396	0.92934	0.103594	1000.0	68.49828163775963	157.82240282943485	1.0	68.5829793398841	68.60684855275407	0.0903451741831541	68.60684855275407	68.49828163775963	0.0521026891752504
1.226914253005	-0.1172774928	1.250527365	0.5608810805	0.002658477053	-0.003999560606	0.0006707592402	87.17359839	sub-21224_ses-1_run-01_dwi.nii.gz	-0.799802	-0.57155	0.183434	3000.0	32.65276433344263	157.82240282943485	1.0	32.64847631645251	32.67227416841333	0.1831928868706107	32.67227416841333	32.65276433344263	0.0643851917170481
1.07182231285	-0.09027305664	0.6161386165	0.7702605055	0.004180476535	-0.003469188232	0.002639381448	15.577528550000004	sub-21224_ses-1_run-01_dwi.nii.gz	0.167653	-0.536635	0.826992	3000.0	32.813745408204305	157.82240282943485	1.0	32.809232804232806	32.83433820331492	0.1820910988144501	32.83433820331492	32.813745408204305	0.0634621088351495
0.91804999107	-0.03196973572	-0.1013291799	0.8055811143	0.003795258934	-0.002465459285	0.001889162697	20.392901199999997	sub-21224_ses-1_run-01_dwi.nii.gz	0.384124	0.786493	-0.483609	500.0	94.7343196584549	157.82240282943485	1.0	94.86469009826152	94.90354301011658	0.0665776143270208	94.90354301011658	94.7343196584549	0.0478021931722178
0.5388382900300001	-0.02945477264	-0.4843698303	0.7548051437999999	0.003505490953	-0.002538294066	0.003576694056	3.5441379000000013	sub-21224_ses-1_run-01_dwi.nii.gz	-0.203774	0.443736	0.872683	3000.0	32.77554903235401	157.82240282943485	1.0	32.772206475182664	32.798074152456245	0.1812766173324041	32.798074152456245	32.77554903235401	0.062808917451027
0.75366263932	-0.01698645536	0.06930616204	0.7436807126	0.00598005997	-0.001668084529	0.003759793472	7.441204800000001	sub-21224_ses-1_run-01_dwi.nii.gz	0.322563	-0.86045	-0.394435	2000.0	43.49750742336696	157.82240282943485	1.0	43.52610355253212	43.54947393261929	0.138783322729958	43.54947393261929	43.49750742336696	0.060048609316532
0.4696557641	-0.07104134733	0.06272800826	0.8828159568	0.002964267973	-0.002867935225	0.002577686682	-3.2516270399999994	sub-21224_ses-1_run-01_dwi.nii.gz	-0.432367	0.144285	0.890079	3000.0	32.90557745540213	157.82240282943485	1.0	32.89050579491056	32.925065676460285	0.1817916134981948	32.925065676460285	32.90557745540213	0.0622975604426142
0.7573719791569998	0.002572610917	-0.4965958968	0.9326712102	0.003163188929	-0.00307202898	0.001489124144	38.743679400000005	sub-21224_ses-1_run-01_dwi.nii.gz	0.415186	0.893865	0.169192	3000.0	32.92009735625342	157.82240282943485	1.0	32.916296296296295	32.93916515618116	0.1814888329519042	32.93916515618116	32.92009735625342	0.0651333425982918
0.925958268777	-0.05818027536	-0.912261337	0.7459381992	0.006705810316	-0.001886671875	0.002017284278	10.98598687	sub-21224_ses-1_run-01_dwi.nii.gz	0.322255	-0.86018	-0.395275	1000.0	67.84616934465441	157.82240282943485	1.0	67.92776455026456	67.95523297160975	0.0911147285221866	67.95523297160975	67.84616934465441	0.0528449065358234
1.3746055794949998	-0.129518773	-0.04611836898	1.034700025	0.005086764228	-0.0007880189222999999	0.002266830998	15.248086999999998	sub-21224_ses-1_run-01_dwi.nii.gz	-0.511832	0.796531	0.321818	3000.0	32.738021347893536	157.82240282943485	1.0	32.72410304862686	32.758507271347504	0.1829688593258823	32.758507271347504	32.738021347893536	0.0651894712049262
0.735190843315	-0.133994896	-0.3530153877	0.7932130977	0.005748146214	-0.002126605483	0.0006201840588	0.0	sub-21224_ses-1_run-01_dwi.nii.gz	0.0	0.0	0.0	0.0	157.25232346054648	157.82240282943485	1.0	157.56054358780548	157.5932213564046	0.0404076382737789	157.5932213564046	157.25232346054648	0.0542170564343431
1.17212861318	0.03860832632	0.2823420275	0.856287212	0.002530769911	-0.002101076767	0.003399156267	11.0434835	sub-21224_ses-1_run-01_dwi.nii.gz	0.522869	0.398169	-0.753704	3000.0	33.05991103741333	157.82240282943485	1.0	33.05534013605442	33.08114234480868	0.18008759198478	33.08114234480868	33.05991103741333	0.0627923408708801
0.48747420769999994	0.01544950682	0.1996148657	1.032406499	0.004656718113	-0.00100472162	0.002512080828	34.46139318	sub-21224_ses-1_run-01_dwi.nii.gz	0.762104	0.526548	0.376757	2000.0	44.15442195334168	157.82240282943485	1.0	44.18433358528597	44.205347419595554	0.137129973496841	44.205347419595554	44.15442195334168	0.0576602160897864
1.01846042132	-0.1585713027	0.915728764	1.077871861	0.004759626463	-0.00168677757	0.003384323558	-19.597722799999996	sub-21224_ses-1_run-01_dwi.nii.gz	-0.590607	0.806414	-0.0296803	3000.0	32.74868586037621	157.82240282943485	1.0	32.751676744771984	32.76916042865248	0.182887887850517	32.76916042865248	32.74868586037621	0.0648404518152874
0.72708244804	0.03883939459	0.4447096435	1.061811604	0.004982754588	-0.001895956579	0.002964783227	-21.02445196	sub-21224_ses-1_run-01_dwi.nii.gz	0.710399	0.691668	0.130111	3000.0	32.99525792629982	157.82240282943485	1.0	32.99439783320736	33.018285094299166	0.180868731422865	33.018285094299166	32.99525792629982	0.0644889952120595
0.7508407224900001	-0.1194665964	0.5961652848	0.8084413528999999	0.007171612699	-0.002116878284	0.004309180193	61.491016120000005	sub-21224_ses-1_run-01_dwi.nii.gz	-0.759745	-0.524644	-0.384104	1000.0	68.56272369311426	157.82240282943485	1.0	68.64586167800454	68.67021608840712	0.0906733326366409	68.67021608840712	68.56272369311426	0.0513506123420966
0.5603623817	-0.0435891381	0.4415979608	0.9423491478	0.004563184921	-0.002168900799	0.003049434396	19.532946539999998	sub-21224_ses-1_run-01_dwi.nii.gz	0.0801897	0.974431	0.20989	3000.0	32.92661602927482	157.82240282943485	1.0	32.92014739229025	32.94816992877022	0.1812646173238204	32.94816992877022	32.92661602927482	0.0658030327403469
1.3864530516700002	-0.06093263047	-0.4365234677	0.6405158449	0.007273047231	-0.001927212812	0.003880980657	55.91129148	sub-21224_ses-1_run-01_dwi.nii.gz	0.100492	-0.885081	-0.454458	500.0	94.11079515386083	157.82240282943485	1.0	94.24569098009574	94.27843562513736	0.0667253251995226	94.27843562513736	94.11079515386083	0.0482314345025083
2.230616654759	-0.009853088211	1.032367865	0.9664941090000002	0.002154047601	-0.002755356021	0.002134773182	-8.7590374	sub-21224_ses-1_run-01_dwi.nii.gz	0.996228	0.0520668	0.0694109	3000.0	32.8926053118176	157.82240282943485	1.0	32.88996913580247	32.9108001088012	0.1814514322394468	32.9108001088012	32.8926053118176	0.0627474296232211
1.212562491689	-0.06706175	0.1079368353	1.018418119	0.00472765835	-0.002523006406	0.001360757742	-16.994764455000002	sub-21224_ses-1_run-01_dwi.nii.gz	-0.0344267	0.698114	0.715158	3000.0	32.80661162396596	157.82240282943485	1.0	32.803744016124966	32.82896460679755	0.1812670691328968	32.82896460679755	32.80661162396596	0.0646167579513457
0.6968388029899999	0.03088365834	0.3091594583	0.9002720078	0.006516298279	-0.001665284042	0.004304888658	-20.6706309	sub-21224_ses-1_run-01_dwi.nii.gz	0.991572	-0.0341231	0.124986	2000.0	43.970411369702646	157.82240282943485	1.0	43.98736835474931	44.0167295604067	0.1373763071982804	44.0167295604067	43.970411369702646	0.0565055541172538
0.8291205344999997	-0.03517615043	-0.02729095998	1.019725576	0.00406193221	-0.002642804291	0.001593640191	-2.259500320000001	sub-21224_ses-1_run-01_dwi.nii.gz	0.286748	0.627526	0.723869	3000.0	32.98762410868182	157.82240282943485	1.0	32.9828017132779	33.01046091120307	0.1805524415259102	33.01046091120307	32.98762410868182	0.0643202387150106
0.5012081642899999	0.01433357581	-0.07331990243	0.8207779512999999	0.006417302415	-0.002284092829	0.003013995942	-26.53234266	sub-21224_ses-1_run-01_dwi.nii.gz	0.991806	-0.0344408	0.123027	1000.0	69.27686510661746	157.82240282943485	1.0	69.366470143613	69.38963836899457	0.089110082406889	69.38963836899457	69.27686510661746	0.0498678294853073
0.3466881868300001	-0.0466460731	-0.1316635643	0.8520847512	0.003637754824	-0.001326643047	0.002829831792	27.09384832	sub-21224_ses-1_run-01_dwi.nii.gz	-0.072801	0.993862	-0.0832924	3000.0	32.76116317353582	157.82240282943485	1.0	32.75855631141346	32.78410553547148	0.1815917307370957	32.78410553547148	32.76116317353582	0.0655630407516487
0.677786316551	0.004515245351	0.2939488975	0.8405103919	0.005234686658	-0.002749207662	0.002060564701	-6.734684099999999	sub-21224_ses-1_run-01_dwi.nii.gz	0.520186	0.739743	0.426833	3000.0	33.2416329127086	157.82240282943485	1.0	33.24129944570421	33.26752953035685	0.1788214778310014	33.26752953035685	33.2416329127086	0.0648203767383934
0.5618304494309998	-0.04301106268	0.6453839368	0.7272346011	0.004807185847	-0.003158600768	0.00221553701	-4.086781599999999	sub-21224_ses-1_run-01_dwi.nii.gz	0.0561983	-0.084717	0.994819	2000.0	44.05823538155534	157.82240282943485	1.0	44.0815980095742	44.10759204465533	0.1373381015278227	44.10759204465533	44.05823538155534	0.0570668256795973
0.81206524246	-0.07281459563999998	0.1669352997	0.9389354122	0.004107169807	-0.002105748281	0.002126160311	-5.4316403	sub-21224_ses-1_run-01_dwi.nii.gz	-0.353761	0.703385	0.616525	3000.0	32.860253405495136	157.82240282943485	1.0	32.85175673973293	32.88342749937777	0.1814190159828367	32.88342749937777	32.860253405495136	0.0644243710851037
1.1940333645299999	-0.03314137501	-0.6240129661	0.7162895419	0.004980522674	-0.002079306869	0.004041686188	8.62756576	sub-21224_ses-1_run-01_dwi.nii.gz	0.0564875	-0.0847451	0.9948	1000.0	68.43167480692446	157.82240282943485	1.0	68.53002204585538	68.54660734104782	0.0910555233452151	68.54660734104782	68.43167480692446	0.0517428082377241
1.32580578717	-0.09796758343	0.1700333069	0.6666450713	0.002054157201	-0.005208627786	0.001751595875	23.577836700000002	sub-21224_ses-1_run-01_dwi.nii.gz	-0.580552	-0.504195	-0.639333	3000.0	33.01785807830511	157.82240282943485	1.0	33.01625661375661	33.040574297784886	0.1801486615240666	33.040574297784886	33.01785807830511	0.064406398832919
0.7724011633799999	-0.0737273098	-0.342732514	0.5900626553	0.003069872037	-0.004595912527	0.003299418837	-8.6827386	sub-21224_ses-1_run-01_dwi.nii.gz	-0.771193	-0.371865	0.516699	3000.0	32.879546064333724	157.82240282943485	1.0	32.87219135802469	32.89843591483658	0.1816692237921406	32.89843591483658	32.879546064333724	0.0628734161789308
0.5906707912499999	-0.1113557971	-0.1317359471	0.8528978358	0.003548212815	-0.004314465914	0.002474995097	0.0	sub-21224_ses-1_run-01_dwi.nii.gz	0.0	0.0	0.0	0.0	157.80844491978488	157.82240282943485	1.0	158.1295559334845	158.14768903152896	0.040217562479948	158.14768903152896	157.80844491978488	0.0539995001845363
1.11678160881	0.04623275841	-0.5774294022	0.6930662158	-0.00168004469	-0.00339391944	0.003399550682	-20.33606503	sub-21224_ses-1_run-01_dwi.nii.gz	0.857166	0.0507082	-0.512538	3000.0	32.866348296366226	157.82240282943485	1.0	32.85929264298312	32.88502740068576	0.1813677285545259	32.88502740068576	32.866348296366226	0.0626735802639387
0.9063198487949	0.0007140725151	-0.1098088983	0.6673363524	0.004309516866	-0.002397594042	0.00376267964	-21.963837	sub-21224_ses-1_run-01_dwi.nii.gz	0.757196	-0.630696	0.16993	2000.0	43.31663625610824	157.82240282943485	1.0	43.34571239606954	43.36784979524408	0.1389722084073367	43.36784979524408	43.31663625610824	0.0580288712434722
0.4532859701049	0.02549115941	0.01920937852	0.7203902424	0.0004887763062	-0.002329434734	0.00272284518	16.069868583999998	sub-21224_ses-1_run-01_dwi.nii.gz	0.324651	0.170049	-0.930422	3000.0	32.831882075253326	157.82240282943485	1.0	32.82322499370118	32.85204562606927	0.1811116783728169	32.85204562606927	32.831882075253326	0.0622635705376799
0.60547216555	-0.02689914358	-0.2157538352	0.8336750644	0.003851543413	-0.002381139901	0.002040640917	22.727512370000003	sub-21224_ses-1_run-01_dwi.nii.gz	0.423345	0.312973	0.850192	3000.0	32.83618194012176	157.82240282943485	1.0	32.83191169060217	32.85737313161332	0.181606487540112	32.85737313161332	32.83618194012176	0.0628154429921644
0.8992660470300001	-0.010868393	0.3710445851	0.7119192506	0.005612616893	-0.003874382004	0.002279946581	-26.381199350000003	sub-21224_ses-1_run-01_dwi.nii.gz	0.75744	-0.630822	0.168369	1000.0	68.36875804654119	157.82240282943485	1.0	68.46473544973544	68.4836343960817	0.0902850201282247	68.4836343960817	68.36875804654119	0.051073415427316
0.4249159233	-0.018073632	0.0721175084	0.6205523593	0.005880242679	-0.003958363552	0.002476673573	12.6800775	sub-21224_ses-1_run-01_dwi.nii.gz	0.151948	-0.885944	-0.438195	3000.0	32.94259338703411	157.82240282943485	1.0	32.9424678760393	32.96677110889315	0.1802579064105587	32.96677110889315	32.94259338703411	0.0659985263399811
0.54495094605	-0.07517421714	-0.04908713906	0.7969974743	0.002824256662	-0.003541002981	0.002146008192	12.297135479999998	sub-21224_ses-1_run-01_dwi.nii.gz	-0.85417	0.154122	0.496629	500.0	95.0051857630516	157.82240282943485	1.0	95.14319349962209	95.16387664221548	0.0665142679447535	95.16387664221548	95.0051857630516	0.0464576679901005
0.67359655775	-0.1290798452	-0.2583738887	0.9755941093	0.001279760734	-0.00315779075	0.004854450934	-13.565871544	sub-21224_ses-1_run-01_dwi.nii.gz	-0.776709	0.606014	0.171668	3000.0	32.59584915993162	157.82240282943485	1.0	32.60032879818594	32.61922554504895	0.1826979361098238	32.61922554504895	32.59584915993162	0.064055186348305
1.4337771607999998	-0.01883988995	0.6488756012	0.7127778125	0.003622714663	-0.002717522439	0.005140657071	33.46341731	sub-21224_ses-1_run-01_dwi.nii.gz	0.937817	-0.21604	0.27171	3000.0	32.676175200351935	157.82240282943485	1.0	32.67006802721088	32.69240420304307	0.1820558200539895	32.69240420304307	32.676175200351935	0.0634657669105707
1.43969429505	-0.1266340505	-0.3219629249	0.6518615512	0.002715368988	-0.005578488577	0.002906061942	-0.17680515800000007	sub-21224_ses-1_run-01_dwi.nii.gz	-0.827478	-0.491595	0.271321	2000.0	43.5823574405837	157.82240282943485	1.0	43.60162320483749	43.62904512916843	0.1392126027417534	43.62904512916843	43.5823574405837	0.0575333243973576
0.63829879702	-0.03190843647	-0.3787767496	0.7851503789999998	0.0003129992692	-0.002500399249	0.004495013505	61.08602469	sub-21224_ses-1_run-01_dwi.nii.gz	-0.0134019	0.210181	-0.977571	3000.0	32.732413466082136	157.82240282943485	1.0	32.72519652305367	32.75015262894231	0.1816999461930789	32.75015262894231	32.732413466082136	0.0625912659084283
0.6319468553088001	-0.0001280097312	0.07226248003	0.803600298	0.001773336087	-0.002139007673	0.0037031963	-12.722253182	sub-21224_ses-1_run-01_dwi.nii.gz	0.825614	0.490523	-0.278834	1000.0	68.5117832696529	157.82240282943485	1.0	68.5974748047367	68.62040231722607	0.0902421209644092	68.62040231722607	68.5117832696529	0.0505469940316712
1.2370440478367999	-0.06940107749	0.7855652167	0.6861232662	-0.000722787925	-9.066409984e-05	0.005898552947	4.758011401999999	sub-21224_ses-1_run-01_dwi.nii.gz	-0.274192	0.786612	-0.553228	3000.0	32.660465420707474	157.82240282943485	1.0	32.65642857142857	32.67976442634815	0.182786374137732	32.67976442634815	32.660465420707474	0.0646100866731337
1.5453023283679996	-0.1033380966	-0.1635194669	0.6394277906	0.00483989343	-0.001797531964	0.002856399165	0.0	sub-21224_ses-1_run-01_dwi.nii.gz	0.0	0.0	0.0	0.0	156.76914479242723	157.82240282943485	1.0	157.06736331569664	157.10429852775283	0.0406927872296148	157.10429852775283	156.76914479242723	0.0540564892204913
